parentID=15062
numObjects=105
1812
1814
1815
1816
1817
1818
1819
1820
1821
1822
1823
1825
1826
1827
1810
1811
1813
19710
19711
19712
19713
19714
19715
19716
19717
19719
19720
19721
19723
19724
19725
19726
19727
19728
19729
19730
19731
19732
19733
19734
19735
19736
19737
19738
19739
19740
19741
19742
19743
19744
19745
19746
20107
20108
20109
20110
20111
20112
20113
20114
20115
20116
20117
20118
20119
20120
20121
20122
20123
20124
20125
20126
20127
20128
20129
20130
20131
20132
20133
20134
20135
20136
14187
14189
14190
14191
14192
14193
14194
14195
14196
14197
14199
14200
14201
14202
14204
14205
14206
14207
14208
14209
14218
14219
14186